list( num = c(7, 12, 7, 4, 4, 5, 8, 5, 1, 3, 
5, 3, 5, 6, 5, 5, 6, 7, 8, 4, 
7, 5, 2, 4, 6, 5, 6, 5, 1, 8, 
4, 3, 4, 5, 7, 8, 4, 7, 5, 5, 
2, 6, 4, 4, 2, 2, 6, 2, 8, 5, 
8, 4, 4, 4, 3, 8, 6, 4, 5, 6, 
4, 5, 3, 6, 5, 7, 5, 4, 6, 3
),
adj = c(
20, 19, 17, 14, 10, 8, 2, 
29, 25, 24, 23, 22, 16, 13, 10, 8, 6, 5, 1, 
36, 25, 18, 16, 15, 11, 5, 
43, 40, 19, 17, 
25, 16, 3, 2, 
26, 22, 13, 7, 2, 
28, 65, 54, 30, 26, 22, 21, 6, 
16, 14, 11, 2, 1, 
12, 
20, 2, 1, 
16, 15, 14, 8, 3, 
26, 13, 9, 
26, 23, 12, 6, 2, 
34, 19, 15, 11, 8, 1, 
36, 34, 14, 11, 3, 
11, 8, 5, 3, 2, 
40, 33, 20, 19, 4, 1, 
38, 36, 28, 27, 25, 21, 3, 
43, 42, 37, 34, 17, 14, 4, 1, 
33, 17, 10, 1, 
30, 28, 25, 24, 22, 18, 7, 
24, 21, 7, 6, 2, 
13, 2, 
25, 22, 21, 2, 
24, 21, 18, 5, 3, 2, 
54, 13, 12, 7, 6, 
67, 50, 38, 30, 28, 18, 
30, 7, 27, 21, 18, 
2, 
67, 65, 57, 47, 21, 28, 27, 7, 
39, 38, 36, 35, 
42, 39, 37, 
41, 40, 20, 17, 
42, 36, 19, 15, 14, 
69, 55, 52, 51, 39, 38, 31, 
42, 39, 38, 34, 31, 18, 15, 3, 
43, 42, 32, 19, 
52, 50, 36, 35, 31, 27, 18, 
42, 36, 35, 32, 31, 
43, 41, 33, 17, 4, 
40, 33, 
39, 37, 36, 34, 32, 19, 
40, 37, 19, 4, 
64, 63, 62, 60, 
66, 59, 
60, 58, 
68, 66, 65, 59, 57, 30, 
64, 60, 
70, 69, 64, 61, 60, 58, 56, 53, 
67, 52, 51, 38, 27, 
69, 67, 61, 57, 56, 52, 50, 35, 
51, 50, 38, 35, 
70, 69, 55, 49, 
65, 59, 26, 7, 
69, 53, 35, 
68, 66, 64, 62, 61, 57, 51, 49, 
68, 67, 56, 51, 47, 30, 
70, 60, 49, 46, 
66, 65, 54, 47, 45, 
64, 58, 49, 48, 46, 44, 
69, 56, 51, 49, 
66, 64, 63, 56, 44, 
66, 62, 44, 
62, 60, 56, 49, 48, 44, 
59, 54, 47, 30, 7, 
68, 63, 62, 59, 56, 47, 45, 
57, 51, 50, 30, 27, 
66, 57, 56, 47, 
61, 55, 53, 51, 49, 35, 
58, 53, 49
),
sumNumNeigh = 352)
